1.6320941327110061	1.6320941327089256	1.6320941327185787	1.6320941327081595	1.6320941327199798	1.6320941327216765	1.6320941327208693	1.6320941327223362	1.6320941327232583	1.6320941327229501	1.6320941327232137	1.6320941327229128	1.6320941327232243	1.632094132722849	1.632094132723171	1.6320941327228853	1.6320941327230636	1.6320941327228922	1.6320941327229723	1.6320941327229082	1.6320941327229335	1.632094132722909	1.6320941327229308	1.6320941327229248	1.632094132722907
1.6320941326941263	1.6320941327310954	1.6320941327375809	1.6320941327206002	1.6320941327365925	1.6320941327234335	1.632094132721485	1.632094132725298	1.6320941327242158	1.632094132721487	1.6320941327223932	1.6320941327214318	1.6320941327225185	1.6320941327215253	1.6320941327227012	1.632094132721959	1.63209413272276	1.6320941327224554	1.6320941327228597	1.6320941327227636	1.632094132722897	1.6320941327228728	1.632094132722922	1.6320941327229146	1.6320941327229224
1.6320941327140237	1.6320941327520664	1.6320941327140386	1.6320941327069964	1.6320941327304925	1.6320941327129013	1.632094132725103	1.632094132728356	1.632094132721731	1.6320941327205616	1.6320941327265819	1.6320941327243432	1.632094132726633	1.6320941327238827	1.6320941327258707	1.632094132723498	1.6320941327245988	1.6320941327233047	1.6320941327236034	1.6320941327230607	1.6320941327231306	1.6320941327229745	1.632094132722986	1.6320941327229412	1.6320941327229346
1.632094132705849	1.632094132727984	1.6320941326958605	1.6320941327348146	1.6320941327430107	1.6320941327124858	1.6320941327291294	1.632094132718449	1.632094132713475	1.632094132721131	1.632094132727316	1.6320941327165002	1.6320941327211043	1.6320941327168712	1.6320941327218725	1.6320941327189769	1.632094132722288	1.6320941327211456	1.632094132722491	1.6320941327222789	1.632094132722747	1.632094132722709	1.6320941327228484	1.6320941327228589	1.6320941327228933
1.6320941327197342	1.6320941327381708	1.632094132722104	1.6320941327505774	1.632094132709142	1.6320941326960243	1.632094132734773	1.6320941327201723	1.6320941327300664	1.632094132735223	1.6320941327297815	1.6320941327152045	1.6320941327318728	1.6320941327241645	1.6320941327304546	1.632094132723625	1.6320941327267688	1.6320941327234866	1.6320941327242924	1.6320941327233744	1.6320941327234917	1.6320941327231555	1.6320941327231604	1.6320941327230192	1.6320941327229517
1.6320941327217748	1.6320941327237055	1.632094132711961	1.6320941327203613	1.6320941326914742	1.6320941327357503	1.632094132759045	1.6320941327106129	1.6320941327238323	1.632094132712198	1.6320941327106546	1.6320941327095235	1.6320941327351102	1.6320941327127232	1.632094132722966	1.6320941327154945	1.632094132722534	1.6320941327201186	1.6320941327223386	1.632094132721977	1.632094132722388	1.6320941327222998	1.6320941327226195	1.6320941327227192	1.6320941327228218
1.6320941327215606	1.6320941327214051	1.6320941327248117	1.632094132729988	1.6320941327278606	1.6320941327603866	1.6320941327152536	1.6320941326757552	1.632094132735594	1.632094132720854	1.6320941327382952	1.6320941327314429	1.6320941327427685	1.6320941327067593	1.6320941327323646	1.6320941327220309	1.6320941327286573	1.6320941327235075	1.6320941327245782	1.6320941327238123	1.6320941327239074	1.6320941327236207	1.6320941327236096	1.632094132723275	1.6320941327230056
1.632094132722221	1.6320941327241536	1.6320941327280984	1.632094132719152	1.6320941327194385	1.632094132717325	1.6320941326799403	1.6320941327205314	1.6320941327822418	1.6320941327096221	1.6320941327299312	1.632094132703118	1.6320941327202132	1.6320941326990759	1.632094132739952	1.632094132716517	1.632094132723229	1.6320941327195795	1.6320941327215146	0.8320479892300432	1.6320941327215903	1.6320941327215988	1.6320941327220941	1.6320941327224197	1.6320941327226326
1.6320941327234375	1.6320941327245841	1.632094132722926	1.6320941327140481	1.6320941327275755	1.63209413272262	1.6320941327275074	1.6320941327680252	1.63209413273987	1.6320941326520642	0.006400369161377076	1.6320941327091303	1.6320941327442813	1.632094132721667	1.6320941327460843	1.6320941327096996	1.6256937635768554	1.6320941327244387	0.8704502041205132	0.819247250937911	1.6320941327246652	1.6320941327246175	1.63209413272432	1.6320941327237555	1.6320941327230905
1.6320941327227814	1.6320941327210383	1.632094132719741	1.6320941327211456	1.6320941327355283	1.6320941327187932	1.6320941327279048	1.6320941327205265	1.6320941326808396	1.5680904412103154	0.006400369226108307	1.632094132711776	1.6320941327401874	1.6320941327048404	1.6192933944267232	1.5808911795218468	0.7552435594620026	0.403223256321777	0.8000461434880197	0.8192472509339302	1.6320941327196927	1.632094132720616	1.6320941327212013	1.632094132722069	1.6320941327223724
1.6320941327235514	1.6320941327229912	1.6320941327267793	1.632094132728347	1.632094132726191	1.632094132706626	1.6320941327255243	1.4720849040147082	1.414481581692686	0.27521587339567527	4.5655670541898397e-11	1.6320941326459768	1.465684534880911	1.4656845348633505	1.1904686615253417	0.4864280552495754	0.4032232563291965	0.4032232563211186	0.972856110482542	0.9792564796385559	1.632094132725319	1.6320941327262	1.6320941327249865	1.6320941327243554	1.632094132723139
1.6320941327227019	1.6320941327207363	1.632094132723102	1.632094132718209	1.632094132715168	1.6320941327192455	1.63209413274249	0.825647620082725	0.4800276861080894	1.580891179544239	0.4864280552168398	1.6256937635263147	0.7680442978162834	0.7232417137231406	0.6592380222398257	0.8384483583796173	0.4032232563064387	0.9472546338917189	1.6128930252733618	1.6320941327246632	1.632094132718213	1.6320941327200467	1.6320941327202223	1.6320941327218994	1.6320941327221081
1.6320941327236884	1.6320941327231695	1.6320941327269958	1.632094132722852	1.6320941327258902	1.632094132732365	1.632094132726119	1.63209413270177	1.6320941327208622	1.6320941327101348	1.6320941327109812	1.632094132743727	1.6320941327637712	1.4656845348339185	0.40322325630169953	0.4032232563281705	0.40322325631201694	1.5360885955205488	1.6320941327216814	1.6320941327295733	1.6320941327236738	1.632094132726674	1.6320941327251344	1.6320941327247669	1.632094132723091
1.6320941327226552	1.6320941327206624	1.6320941327225869	1.6320941327184424	1.6320941327225247	1.6320941327243248	1.6320941327127017	1.2288708764008367	1.5552897029672632	1.0816623860068681	1.6320941327306253	1.6256937635962718	0.7680442977313416	0.7232417136906758	0.6592380222571625	0.8384483584038456	0.4032232563055154	0.947254633903157	1.6128930252627438	1.6320941327247571	1.6320941327178218	1.6320941327209078	1.632094132720455	1.6320941327220089	1.632094132722055
1.632094132723608	1.6320941327232752	1.6320941327264424	1.6320941327237968	1.6320941327255212	1.6320941327241503	1.6320941327164058	1.062461278567511	0.915252788155144	0.8192472509205805	1.6256937635630948	1.6320941327242189	1.4656845348474203	1.4656845348999366	1.1904686615247995	0.48642805523789157	0.403223256296453	0.4032232563334964	0.9728561104805103	0.979256479648097	1.6320941327213312	1.6320941327257417	1.632094132724614	1.6320941327243175	1.6320941327230427
1.6320941327227327	1.6320941327212257	1.6320941327224094	1.6320941327197462	1.632094132721225	1.6320941327235483	1.63209413272041	1.0624612785672802	1.4912860114572337	1.6000922869849314	0.857649465831221	1.63209413273974	1.632094132711254	1.6320941327540817	1.6192933944020935	1.580891179543522	0.7552435594573915	0.4032232563353652	0.8000461434819475	0.81924725093541	1.6320941327105896	1.6320941327247884	1.6320941327219318	1.6320941327222716	1.6320941327223888
1.6320941327233571	1.6320941327231357	1.6320941327251355	1.6320941327239211	1.6320941327242895	1.632094132725503	1.6320941327196687	1.6320941327272598	0.985656848769576	0.8256476200949008	1.632094132718734	1.6320941327214253	1.6320941327049756	1.6320941327423941	1.6320941326973553	1.6320941327468972	1.6256937635621278	1.6320941327162852	0.8704502041126188	0.8192472509406235	1.6320941327266054	1.632094132733969	1.6320941327205392	1.6320941327231235	1.6320941327229714
1.632094132722819	1.6320941327220098	1.6320941327226335	1.6320941327212632	1.6320941327213416	1.6320941327234675	1.6320941327194696	1.6320941327269778	1.6320941327165448	1.6320941327342233	1.6320941327114136	1.6320941327281848	1.6320941327198215	1.6320941327371057	1.63209413270055	1.6320941327377516	1.6320941327008565	1.632094132741007	1.6320941327388188	0.8320479892310841	1.6320941327211913	1.6320941327184817	1.632094132712817	1.632094132725537	1.6320941327228724
1.63209413272312	1.6320941327230316	1.6320941327239407	1.6320941327234635	1.6320941327235983	1.632094132725037	1.6320941327216696	1.6320941327271425	1.6320941327198473	1.632094132730669	1.6320941327145946	1.6320941327335428	1.6320941327183476	1.632094132726783	1.6320941327151488	1.632094132743607	1.6320941327192382	1.6320941327442942	1.6320941327014225	1.6320941326980665	1.6320941327251728	1.6320941327228087	1.6320941327256964	1.6320941327319463	1.6320941327208445
1.6320941327228773	1.6320941327225709	1.632094132722759	1.632094132722198	1.6320941327221141	1.6320941327227898	1.632094132720472	1.6320941327235245	1.6320941327183325	1.6320941327239333	1.6320941327149383	1.6320941327270202	1.6320941327140386	1.6320941327259617	1.6320941327215857	1.6320941327244811	1.632094132705832	1.632094132718668	1.632094132700519	1.6320941327464642	1.632094132753772	1.632094132722579	1.6320941327230176	1.6320941327236342	1.6320941327161207
1.63209413272298	1.632094132722961	1.6320941327232599	1.6320941327231817	1.6320941327233893	1.6320941327239162	1.6320941327232823	1.632094132725484	1.6320941327236271	1.6320941327272496	1.632094132723972	1.6320941327299365	1.6320941327226317	1.6320941327295306	1.6320941327208582	1.632094132720287	1.6320941327253442	1.6320941327366794	1.6320941327307286	1.632094132746536	1.632094132699261	1.6320941326909635	1.632094132718894	1.6320941327254606	1.6320941327188012
1.6320941327229028	1.632094132722825	1.6320941327228657	1.6320941327226761	1.6320941327226106	1.6320941327224712	1.632094132721897	1.632094132722036	1.6320941327206278	1.6320941327212521	1.6320941327194785	1.6320941327208025	1.6320941327177592	1.6320941327212681	1.6320941327186524	1.6320941327250245	1.6320941327290406	1.6320941327193186	1.6320941327120322	1.6320941327155156	1.6320941327004523	1.6320941327446912	1.6320941327500222	1.6320941327328005	1.6320941327163907
1.632094132722939	1.6320941327229397	1.6320941327230065	1.6320941327229892	1.6320941327231218	1.6320941327232197	1.6320941327234413	1.6320941327237781	1.6320941327240204	1.6320941327245846	1.6320941327246146	1.6320941327250869	1.6320941327247969	1.6320941327259815	1.6320941327246448	1.6320941327252403	1.6320941327203842	1.6320941327149643	1.632094132725523	1.6320941327305027	1.632094132727174	1.6320941327401073	1.6320941327043315	1.6320941327073522	1.6320941327085856
1.6320941327229226	1.6320941327229104	1.6320941327229193	1.6320941327228597	1.6320941327228726	1.6320941327227725	1.632094132722737	1.6320941327225362	1.6320941327224743	1.632094132722222	1.632094132722148	1.6320941327220198	1.6320941327220753	1.6320941327220624	1.632094132721667	1.6320941327220821	1.632094132722097	1.6320941327256822	1.632094132731049	1.632094132723051	1.6320941327206737	1.6320941327242444	1.6320941327160725	1.6320941327397132	1.6320941327233587
1.6320941327229108	1.6320941327229241	1.632094132722933	1.6320941327229095	1.632094132722937	1.632094132722922	1.6320941327229725	1.6320941327229537	1.6320941327230374	1.6320941327230059	1.6320941327231022	1.6320941327230496	1.6320941327230944	1.6320941327230263	1.6320941327230885	1.6320941327232295	1.632094132723103	1.632094132722971	1.6320941327207548	1.6320941327165197	1.632094132719845	1.632094132718657	1.632094132715374	1.6320941327175937	1.6320941327052267
