0.19518199757948804	0.22040105843792748	0.3911277148566114	0.5465404915947891	0.702822606527269	0.8519192012023008	0.9662857427315923	1.0885210457502286	1.244291553349266	1.3814853674934826	1.4964426867991971	1.6105303029699796	1.7111236627110424	1.796597765585405	1.866865801686261	1.899313761205235	1.9307247889551298	1.9085233507975348	1.8297977820680782	1.6491853273034967	1.4853359650704028	1.1785412608892598	0.8332930614381022	0.5101144785326399	0.18991586183300666
0.5396404061662237	0.6164725306556179	0.868946691895629	0.8882258613949955	0.897937525625307	0.9705062384223011	1.0373497876589055	1.0898806955224223	1.1401747611186537	1.1190478191947282	1.0905780700046466	1.0914061504686972	1.0582524354896778	1.02020112883141	1.00589374765838	0.9428939140186613	0.9187992203631926	0.9052974295540132	0.9418603730585867	0.9010465035560734	0.9754699708383269	0.8668887953036306	0.7461515210812316	0.6276844193400645	0.31307890221421153
0.8438708173901397	0.7193356963987614	0.8976514992816712	0.8470199614190526	0.968597803527175	1.1208214518567514	1.1748609484603831	1.1617966906804225	1.1909025447868224	1.1802698345264517	1.2180036445740208	1.296414283518093	1.292468163201384	1.297226829471545	1.3731792251226116	1.3801434979903324	1.4074723010339694	1.3873658835999607	1.3884961589052116	1.2351099073653835	1.2505700861688835	1.0851244739466885	0.9083833087422284	0.7377457680143377	0.4150352091739976
1.1760576302061707	0.8702518134206375	1.10386096358799	1.0770098076942645	1.2525324585804163	1.2351886768623315	1.138392555015517	1.0655936970502629	1.133849732672519	1.140323748750338	1.171191356998982	1.1990102853051254	1.121204183132373	1.0858786407089627	1.1270157318687204	1.0607921190353995	1.040582293089199	1.0167949501392266	1.1097445540353164	1.0274970248520692	1.1200642648096197	1.0931948437260182	1.0162729556260064	0.8006859265117439	0.5522354278883266
1.4724626697428473	0.9753001799747902	1.265688385556576	1.1206271279983728	1.1908317252565854	0.9882414502182075	0.9961700984530254	1.1125973572464432	1.3065070123322193	1.271840403727031	1.2139737908362174	1.1497477977187818	1.0981543150017585	1.2229637832715343	1.2932883101992985	1.2821328891581822	1.3015799304042053	1.2271151283983084	1.2959851969379703	1.1563627721094223	1.1031565547167896	1.0523920105979676	1.085148120661285	0.8807142881775041	0.7295909556326509
1.6491390354301445	0.9014585694608293	1.2423803825030186	0.9886135758061385	1.1200997264299417	1.023601798671488	1.3102013602854383	1.4254257032576523	1.3439389719392416	0.9909558430503906	0.961353528089767	1.0146361643304824	1.038189637987297	0.9883868234405756	1.0731447584771303	1.1177217308063911	1.1441659947699394	1.0228451699837617	1.178848133538467	1.224769277893632	1.2091183165550665	1.0942872072016532	1.1468208369905946	0.9751421279552427	0.8426333867705992
1.8419314731858498	0.9409437150228666	1.3933720560262481	1.089455049342448	1.3250045503402104	1.2672896040265516	1.4670046655017677	1.1832987843630172	0.7767522260086452	0.44624331987268945	0.6186940959455665	0.5073312398637616	1.0364352774758006	1.085944535097679	0.826559167429988	1.3064267888292889	1.4278761792836174	1.1140758141931348	1.0586748059396605	1.0906780481343463	1.1948194839141932	1.091352435247637	1.1313136381010813	1.0723568224548357	0.9278417047771468
1.910548781068943	0.8943220030345335	1.3848221461181263	1.0266979714711602	1.2785397913094323	1.0911455080618286	0.9894113799535932	0.5438369354325514	0.16469667634791024	0.0937648181453114	0.1301515688964857	0.43559166686218515	0.5434092730934569	0.7734263654073734	0.567124682364769	0.34350436714211235	1.2569763655780126	1.381540132915847	1.2923426395592241	1.1140956277334724	1.227323068955555	1.1401624680393445	1.091834765302736	1.1402422689065217	1.0881623081843135
1.9230765340103406	0.9188645675142821	1.408338035555822	1.0541286700039607	1.2668060795176952	1.003943381950602	0.9649254038400157	0.5428261677212544	-0.18241578537117686	0.1559232188627565	0.18479039204116177	0.09888182037947488	0.3238482961568986	0.13099863251349617	0.21046093756848538	1.1274871802717414	0.9245951666034133	1.0487602321462166	1.2287749989939103	1.034188564700354	1.1984617661528363	1.2502358183924314	1.140824271999946	1.124145645213853	1.2716819510129942
1.8961058952959247	0.9577050515734079	1.3764159843709047	1.0728612801030433	1.2391409078861204	1.1301042402504873	1.2247357541063675	0.18025735399678222	0.13497423110301543	0.4908129669087018	0.6703752111112717	0.3978487046971603	-0.10384334027546431	-0.09516644244669031	0.17425926938743602	0.9981748494513772	1.3060901711259187	1.0353156038855413	1.3824714422312396	1.1295931724160948	1.0670535969151382	1.2000710256949545	1.2350857486001	1.066493801879625	1.3881976986597666
1.8691953727802777	1.0107504608534796	1.3517227915415777	1.1314550601647018	1.2495450812008388	1.2199516317049606	0.8874398493084577	0.7626203471984944	-0.05141045239131835	0.04849231613073441	0.26064822044001595	0.2713681256740511	0.44432413791937075	0.5169647792088718	0.9489227769591553	0.5568848351075107	1.2788156791020118	0.8845438106884541	1.3748230454011352	1.4210037094004004	1.1065681427847853	1.054912735133293	1.2888832587989871	1.0811029094551012	1.4816393550288036
1.7986176531776115	1.0141163734353367	1.2942413613274049	1.115871995883972	1.2012144021760278	1.0768054456330427	0.8597052118033099	0.6041188439793213	-0.10029202611338293	0.42031189820230047	0.5032099428748608	0.4622976981212043	0.482954979015701	0.3356695557791337	0.20528131605103161	0.16633102279504253	-0.16907554098021557	0.6756139305235525	0.6343239379694997	1.2987756318263302	1.3334698643265526	1.1110508092458082	1.2879329365465164	1.131463789942655	1.6052697679488832
1.710833776729721	1.0522682803901293	1.3120029324907578	1.141150048841446	1.2538918987484147	1.1881330183815506	1.3211270780217061	0.46606943606833817	1.0065066289991023	0.44183842065543066	0.5385476939453337	0.601833484448564	0.03544547798191834	0.4100047210816701	0.1254111040484395	-0.11021936064860025	-0.03157574684933928	0.11829222137295962	0.5881082743532665	0.9681436755340019	1.3038731480171035	1.211056589789809	1.2239916982241954	1.0797307681610548	1.716475268960303
1.6106948148012683	1.0874755147010042	1.2960056826665356	1.1192710468446097	1.2039050359601788	1.1705114868228819	1.4640951600792032	1.225657600103006	0.9218722830244674	1.046502895270722	0.15535552496959076	0.1732807452941324	0.2346511359792794	0.9024817587852347	0.6107030176435911	0.4930784252218353	0.5737962462471392	0.13570307501032913	0.7355181806763359	0.9455854296608808	1.002773626322978	1.1145183806180354	1.2429411348718111	0.9923574028433564	1.7951355881365652
1.498434356438542	1.0970421389606007	1.22943164642255	1.1334480811418393	1.182383603840172	1.0396678951022051	1.1357104566616465	1.3686350225246986	1.2085744732463692	0.22622112481020212	0.0058107751090842735	0.3685714865778571	0.7376794843763876	0.5402967799180863	0.6117792859549928	0.8432074491501496	0.5856440525992553	0.7101408262537743	0.9436960299790103	1.2565294861109493	1.3779741655728825	1.1524039980630931	1.481394231073154	1.0015347612060197	1.86910165909204
1.3786912817766726	1.1208752616438467	1.189869864929876	1.1911294463774718	1.270045338487787	1.1791381108890613	1.0440697366032237	1.1580732613203797	0.8774774884380682	0.7467472593629724	-0.4328591835026994	0.179457758180799	0.8266644430266679	0.6159507559061214	0.9916974675445609	0.8233915468592995	0.7495652124439215	0.7020651586997549	0.7070382177311181	0.5516480518892071	1.4961020643710812	1.0369108728173921	1.4549695778142628	0.9407809176286117	1.903940177168753
1.240391289841929	1.1328122254012125	1.1682147102791887	1.1363739169491487	1.1529458691762922	1.2577016656786317	1.1969216011098809	1.1352259458852587	1.0148153526711536	0.18978803882706938	-0.12418942258667959	0.6236675573654178	0.7083514515386804	0.8953886996609948	0.960062220246129	0.9593600367717281	0.8614725909230688	0.39409761769057494	0.18471236270564512	0.30936074830612126	0.5087985205353843	0.8565294503472675	1.2321042368291673	0.8890612961590265	1.9276572424530132
1.0937738527854601	1.092727618078934	1.1698017484573053	1.1403413535804203	1.0541402753470772	1.1692352723157178	1.2311757855093681	1.2016692757468623	0.8060237585014224	0.5596335970812513	0.4393119551682045	0.4923957343739515	0.7670521622391634	0.910638481430498	1.1797786528994212	1.2263374552723545	1.4400093161026744	0.6909344237128411	0.49971945356504127	0.43641041746980946	0.9132433610137054	1.0089282999286189	1.3647054556129234	0.9659689056950159	1.911248282331745
0.9724419004747671	1.0312254610837852	1.1399607586367502	1.2151422983472762	1.183418088018417	1.1689852417904625	1.1801623315256158	1.4664024089097256	1.3446181609610566	0.6890395855677175	0.6701185847018378	0.8395674717569905	0.8121453330479134	0.631494348207161	0.8961777271454958	1.2069739568888558	1.2463641023323424	0.6434542717236413	0.9360629682457051	1.1850472167256945	1.6526383602722188	1.3621683257138861	1.5615529115192692	0.9915197106689804	1.8160752043128814
0.8511604110337868	0.9927831344032715	1.0460404748461165	1.1036396794217136	1.1597341391656515	1.0861708315523986	0.9153053369161267	1.114409422611754	1.3101767923003695	1.0286281600225704	1.0380381403214782	0.6709403260836937	0.36277290173644994	-0.0021254846521964327	0.4973375730237007	0.9296312980802042	0.9351928433501475	1.0127136722170975	1.2366235570641773	1.2817470893850982	1.3748934696846007	0.9636729506693595	1.156913635961676	0.7785369238635891	1.6294761478434914
0.6809216088974349	0.9596677436750952	1.0545031723055471	1.0784028437252338	1.214748218303045	1.3133349416230817	1.2691983188498979	1.2713581452023963	1.3594740781626224	1.1310738090888959	1.1162070610131614	1.2623973230042058	0.21807196575332669	0.3474010629144662	1.0288050831840412	1.328977571377697	1.3847840323183345	1.3812368370453445	1.3363148255292616	1.2130524589515697	1.0955286341670798	0.8663982273672852	1.149166628512254	0.948782723948999	1.540144353287541
0.513583396694287	0.8297663075528238	1.0207230048489018	1.0213412301642886	1.0352864723512587	1.0537620476934746	1.036588575151639	0.9234049115019484	1.076396304376495	1.2626306381322863	1.2886693562265343	0.6580408802493775	0.634342645278784	1.130717269769834	1.542918401462346	1.4138855187394248	1.081636884287646	0.951410351092885	1.0118830013363227	1.0238320594262353	1.020169294670132	1.0684954694443587	1.2771545872638053	1.01301159649581	1.2147237272496758
0.4488812219462415	0.6908980431845106	0.9755400782604954	1.1114058130167408	1.2017057928227899	1.3065420807137063	1.4489750409290263	1.3711888026217138	1.3803080174290001	1.3384623262964919	1.3337913714779677	1.3046328842563144	1.2906692337965306	1.3711228299692964	1.3021491465066763	1.0576994307587873	1.0262903128789724	1.208245978417875	1.264915216186384	1.143179632358246	1.085126088954465	1.073637336569621	0.9884775213161519	0.6757401725747825	0.7146614703141684
0.37476275594909064	0.5142187924997207	0.7760627500751986	0.9074541299334983	0.9184817740767931	0.9025218925971917	0.948483023732922	0.8596034044221126	0.9315938724078718	1.0151115141996765	1.0087577541297963	0.9465621261152195	1.0418688065260877	1.159670264735412	1.093694581724149	1.0335523180915938	1.162706449829993	1.2026889883661713	1.0162430543170353	0.8938226741811561	0.9252892306908248	0.8354029696939327	0.6257970191307074	0.47632203933902956	0.4913439303750561
0.24608001056483758	0.45836672441740345	0.8633065010988143	1.2045460220951398	1.439131845738275	1.6522998508689826	1.8754766391326023	1.9015897453308035	1.8991291769940573	1.9011658443993205	1.8774585009931721	1.7952965029800854	1.7205274748167971	1.6164924935311684	1.4691297509279475	1.3721357483742154	1.2929260319867906	1.0964738472828486	0.8928745366866848	0.8455593613404748	0.7793823551695095	0.5314882021694278	0.36402333857739283	0.4333883699048911	0.4492162081859244
