0.0049495794208778195	0.024349184338839557	0.004940050415432405	-0.008175507051278333	-0.002401044607981585	0.0024886656582049976	-0.0009439268668783407	-0.0005803424692377374	0.0019194361580114156	0.00034687816522072925	-0.0010400728225234092	0.00012563884461979323	0.00046903857646050565	-2.7509725009265565e-5	-0.00013422518983266518	8.259395251355279e-5	-0.0010808903151633645	-6.546561650926075e-5	0.004493774517057169	-0.002865663974939378	-0.0034527905769043436
0.01087593418900434	0.016796412577904384	-0.00606931339403176	-0.01602880353903297	-0.011109489129250371	0.009520789218725838	0.012471585303596643	-0.0015788856293385883	-0.0026493689481567233	0.0024464624371656777	0.004359609555227705	0.00032669004189620366	0.0037817997000636557	-0.0005490871979287912	-0.003740277567949628	0.0036253659821500347	0.003418101006506186	-0.00810254751617408	0.0023221860701747544	9.995175914970494e-5	-0.001346260911016963
0.005206136218226345	-0.012145562126540228	-0.018401200743349527	-0.015231234939547074	0.002572210346949968	0.03192096807901149	0.010019716040452036	0.020003681957523146	0.018117808175567778	-0.00253544153092884	0.014028903355733025	0.03377861071408392	9.179535467740245e-5	0.008245580941884585	-0.007499098195779637	-0.009573430244567445	0.010616465894820099	-0.001324878719995945	0.0036064926723121064	0.0021637999742353873	0.003184380857163455
-0.003943575665795049	-0.020080341017730347	-0.007595198155254479	0.004005061431824194	0.03605216611200785	0.05883809334422321	0.051951197839288456	0.05241425520412141	0.03339347127228126	0.04099118860802506	0.062482423147439556	0.03813709734913802	0.03194694259107003	0.007615579305460864	0.01703896925873084	-0.010609404425043673	-0.0008256821747306981	-0.0060658399940076895	-0.0028078941041747105	-0.006405974511474947	-0.001110125349835382
-0.0035612664139974813	0.005878058015342072	0.017049480853178856	0.02730403766065676	0.058390762505948345	0.06498260906033382	0.06870025507833816	0.08875809783409475	0.0944132462116216	0.0794645250870096	0.10358874283235742	0.053519164710983454	0.009518349611284883	-0.010178890755934103	0.007530497818911615	0.005402103652534096	0.005389389490675793	0.0019519896331464007	0.00886302649436605	0.005009737761009795	-0.00024066742311240272
0.0010689048409283529	0.015462998132179464	0.006605658031468875	0.022741778829022143	0.0674171646053411	0.05992861922928026	0.0682468860607794	0.1161673472104564	0.06975264240145221	0.05407542802010361	0.0707128919973727	0.0384682316364506	0.007123109735530751	0.004953082547809855	-0.011676536457430291	-0.001963096538215232	0.0019213916052523328	-0.008982108672548075	-0.011254335397778155	0.0018827717457795708	0.00023379412882323068
0.0006026736099246504	-0.005941864062567579	-0.010476405627561842	0.01659980409936357	0.07081200542774449	0.08234328213113802	0.09903770535647564	0.06456400063141103	0.09999345133216367	0.08494563237515143	0.04815997198070858	0.017027350318450835	-0.00889248336172229	0.017203018278284028	-0.005184565377874642	-0.008080873499070268	0.006123023040055044	0.01827168124905536	-0.004676869158595191	-0.004183134657007051	-0.0002968733561419082
0.0006032421800827624	-0.009045702268584012	0.008651241234949395	0.030654631053093986	0.05515672597234422	0.08588181157323754	0.06916288398177035	0.08585081278975987	0.07519671397678027	0.08690491339955785	0.02808579868933233	0.007075587143063643	-0.014902712574046118	0.00502217555988925	0.014252077813531765	0.006041709543019059	-0.010416751816440748	0.003467478120523864	0.009149048609259833	-6.654254884837598e-5	2.7088662686778752e-5
0.001412134229689907	0.005898917845835962	0.024613255629516093	0.03428696581817073	0.05663571254981369	0.08123803215860534	0.04444850603308405	0.07441657135450216	0.06968316341182174	0.07115484886772769	0.006077780848223914	0.014794242838871208	0.0075400230922121544	-0.014476823280498392	-0.010467057759368124	0.005478817925227806	0.01547372793008071	0.030408402955096402	-0.0010014327564475383	0.003643630255802457	0.00043493373183773677
-0.0014494855560957445	0.003914634980656052	0.0014322673304744279	0.03586233570918298	0.07079462681433876	0.08785922049390169	0.06301094282601165	0.0876022973915941	0.0676565619100583	0.03797953353082527	-0.0024377169278644497	-0.000129862320450389	0.008910846325803868	0.011054121691540277	0.023007881658200658	0.031726131115711126	0.05619215148793342	0.04049741061348005	0.03405619545208915	0.0004528116746260512	0.00013169334593292662
-0.0019343234090190868	-0.001562109068967703	-0.012891892240713455	0.016497126344982863	0.07136388290145905	0.09113119154484599	0.06798706206660375	0.07280816562794476	0.02613624926359816	0.009362473568170632	0.03267903338695184	0.03310698056383618	-0.0013578442312894255	0.022874748261539117	0.05310523833334737	0.06499640037767826	0.09552706653467577	0.06172519315908872	0.013506260766810016	0.004330475441624077	-0.0010552661748701082
0.0013197252360536242	0.00459056302177327	0.0036276214404128678	0.034812111604733326	0.06320754364648057	0.06728564420533116	0.05548540353629764	0.07329352149674208	0.049966785299836156	0.037358324234682695	0.06955240042140114	0.06705981150742667	0.08367493412476235	0.08297692391658729	0.08856658974732363	0.07691531344037184	0.0822207448439406	0.04508173185292363	-0.00226494778860375	0.0026098242095656697	0.00035314301224950294
0.000714330549015643	-0.0018833361467473601	0.021986805905030958	0.014355615686538196	0.0605090976739813	0.09315874174502832	0.08099398157049244	0.07460494020546377	0.07961466805106324	0.059647952281889204	0.0770875875335941	0.0673300917961054	0.062361337351956286	0.06767868743114827	0.06113777801979456	0.06984510358281498	0.08940144856390125	0.03178494184944809	0.016121959295038315	-0.0027829180743661353	0.001868684903184705
0.0001065397667284751	-0.009070967713144387	0.0042440540711959525	0.00782847063812694	0.06481214082847897	0.07840324795154686	0.06557784112284455	0.05458141746747396	0.08298145478474783	0.06508513642532804	0.07989553836500185	0.07423784966209482	0.07679351733202756	0.08395197046684665	0.06708940167951707	0.07240562001399922	0.08721738718632031	0.047995626156999066	0.020963666686348706	-0.0007255546438990016	-0.000528110208759519
0.0017217615753095648	0.004484749372419146	-0.007942982812439698	0.030869048469063954	0.056139095949163165	0.07399562860403625	0.07327898343081865	0.060806863524440494	0.08394121047155902	0.05434500900930961	0.06919295213431403	0.05729705372054841	0.06561505173221875	0.06976295157540693	0.060611135051253	0.06757181035646809	0.07906122425087647	0.0541466118719855	0.014999032693654973	0.011989856268256504	-0.0012127843215564483
-0.0026633384175472085	0.00802011490483721	-0.0029768147808725107	0.011184717535080619	0.05121094519164003	0.07657374336928854	0.07698373045402254	0.07663716189150385	0.09145375948874866	0.069785540513544	0.09673456110240838	0.07806921296010504	0.0822035848604927	0.08113762166654252	0.08093042826958033	0.0767010704203806	0.0650508281064266	0.06027021704508872	0.029553572511436393	0.005985518194019834	0.002660318809012822
-0.0040370274216685095	-0.00739296016448922	-0.009627444590306074	-0.013345457097013775	0.01115983453430084	0.04885246270226424	0.05751889386907035	0.06757920789819971	0.05797808366818997	0.06036728871082854	0.0744150571998139	0.06825552951736363	0.06227721940520723	0.05600463173568222	0.06699219942666662	0.06883975666308659	0.05233002986907058	0.03578003429754538	-0.003348868720268529	-0.009066268043704386	-0.0006374859692109365
0.006520642867405134	-0.0007793238749212115	-0.00728918413863063	-0.02789548302752342	-0.010845708053417637	0.009894225215892234	0.027758707235938325	0.009993629558490761	0.016036584572410358	0.033367466328939235	0.01723213064675344	0.03484728966937655	0.03577354916980869	0.027255706193025996	0.014869821475831786	0.02910971677162752	0.026471885704470895	0.0044465232148158135	-0.014068639271253888	-0.0090976918426696	-0.009462831286675693
0.0054609610799721	0.014088028046460898	0.026602113922456656	-0.010582615405790264	-0.008332499308992426	5.68781612837882e-5	-0.009608150332028054	0.0032210803482321873	0.022686441987845793	0.00337352865615031	-0.012562184177207045	0.0011572995141251007	0.024972738680955987	0.007765050162521816	-0.008400564245351815	0.008663890061111509	0.010323885679458068	-0.007928773732505038	-0.014488227541181044	-0.00846942746903669	-0.0005177786673188295
-0.013173109841288697	-0.015873307462766172	0.018449701109799273	-0.002009363433350302	-0.009886785875850634	0.009114542839793047	0.005010616795681647	-0.009356001791129437	-0.0017571496675313283	0.004449259549969624	-0.0015352651940504928	0.0038857200133677232	0.006036691942454541	-0.009245288171847683	-0.005501154831856062	0.0143895113605528	0.004026730241995347	-0.014261148766314725	-0.010356039941692605	0.008117993804867862	0.027569417823265177
-0.0020634096048922045	-0.017998774408965693	0.006401686916038946	0.0080588178889799	-0.0045741174889717745	-0.002858756696155544	0.0018015148184041263	5.7602780432998955e-5	0.0007633123168730976	0.0013135025046548887	-0.001930451220587958	-0.0014547927035300798	0.001420537021338398	0.0005485194280650104	0.0006873728841801654	0.0009157007499253356	-0.003156308300652277	-0.0027544240315996657	0.0013094747799694292	0.008060290635356116	0.01954073542066532
