0.4858121321822343	0.4043268887689987	-0.05232110018494761	-0.1412393739775547	0.011206716911624795	0.039932107952977115	-0.02867702557074452	-0.008179469488466793	0.034522405282283695	0.005513659646672369	-0.019790803581981216	0.0021553597036203563	0.009896359595027607	0.0002508636775576255	-0.009748611961951217	0.003354592405085061	0.012468189050438158	-0.018340344531590287	0.018603485329084627	-0.013504454328589746	-0.02153606757027049
0.13868123924382814	-0.024929017333082996	-0.09846346619024163	-0.08324476828341142	-0.15737308827995117	0.05578645818828008	0.19586441534552268	0.003933595236472111	-0.0447961262510157	0.046632677271420175	0.06749545806848328	0.0041966439379230586	0.06436379723490562	0.004623090568965201	-0.06983000416986046	0.005255402747185492	0.08528213164589199	-0.07556401679633479	0.020328353438702536	0.01660580179590762	-0.05465906021024143
-0.031539498759448246	-0.17650325183687907	-0.09211594086114297	-0.25376073924745896	-0.10906904100412528	0.47831700755796314	0.276944277091275	0.3350179078970569	0.2633000153818299	-0.05351186841567934	0.21758314820629568	0.5596321995396147	-0.019389364357131678	0.15334564007750634	-0.03959997976047525	-0.19297838099300257	0.1270164056028823	-0.02534002016418184	0.028614310507457025	0.051493695065913433	0.027486236449048
-0.043414349739824484	-0.14361987429966594	-0.11121977806053962	-0.044433211547285294	0.5906239171060914	0.9561624963495652	0.8588363699161776	0.7668483284230712	0.501522006126107	0.7566076765853272	0.9937825574864766	0.6806924949170754	0.5162402922551312	0.00014378461328110048	0.31537587063953076	-0.14786532236772196	0.006863741029168766	-0.06682006243554081	-0.040759204451779954	-0.08396859025193233	-0.0005659243173228232
-0.036390995251705055	0.06387734027305567	0.07218658608840549	0.4006363524913249	0.8760751984911139	0.9909581067009418	1.3815341939397188	1.403519020852678	1.3713105280689917	1.3174481717450646	1.4766293817508362	0.8964204817827699	0.3458990381612116	-0.19073300968941825	0.13240100685124084	0.06035749959192688	0.06358220248464203	0.00958501251714988	0.1304849893923302	0.055667240391428174	0.0030733748639187077
0.013984698683370891	0.20319182414844297	0.13716775763113537	0.5165402636734236	1.0924707262113738	1.2763667191674282	1.144565410736018	0.7101956810120496	1.1263166084778904	1.4763567340222568	1.0593660109345222	0.37387428621030955	0.11774337267043056	0.022935119271204805	-0.16411606720935168	-0.026974226175743327	0.06326959882603829	-0.1429988455162671	-0.15509816820769318	0.02493994580958262	0.0015059569335787362
0.0072275929720623765	-0.08601444730465017	-0.12801416606045585	0.22237672963110022	0.9692277882918162	1.296126622956536	0.7663777367250532	1.0030564797619075	0.6515841712910752	1.4079576271489151	0.8942214283358038	0.3008974629676264	-0.06794994963497632	0.26619128824128724	-0.05974826209006287	-0.16366430765940126	0.11599488658188167	0.2730430799260429	-0.07200191463592595	-0.06503728736627636	-0.008147089991680151
0.00901257747044254	-0.14151606222148522	0.11976848310723348	0.4016058011023122	0.9009660573005291	1.3352947084427416	1.1233175043644446	1.1213633431680634	1.1937779325059377	1.1959082345712713	0.40256015428272374	0.1296774885438255	-0.26444336470082197	0.03864132666241567	0.24798299888365635	0.05542698518660092	-0.14703160414739377	0.04873445714888959	0.14434802698628194	2.685656729453645e-5	-0.0001521173279129054
0.023581007880872674	0.0931164792925465	0.4081178644837277	0.57240159327357	1.0381898841229498	1.2943212278719083	1.127910270244643	1.2359797134984252	1.3011910259055617	1.1375048210871253	0.05500854254154236	0.16511075618556595	0.0917034817664591	-0.1945438243717382	-0.11531245925867804	0.07756158996369708	0.2746753679094749	0.5304276292786514	-0.00927534104177083	0.06536011132733571	0.01015638747035304
-0.022791638831109046	0.05906418307516667	0.0207129782370013	0.5575165355194884	1.105168889767762	1.183801072977392	0.9754048303252767	1.3005170021213626	1.0587680231744787	0.587548983595376	-0.052628844118767476	-0.0018392832900289008	0.04772824482352759	0.1870271680770075	0.32181449928544675	0.46150879185737204	0.8735862500046627	0.6593711229011809	0.5577440152656171	0.0032195285799028056	0.002125003290892771
-0.030870639584479623	-0.023122636096259544	-0.2135481891836724	0.2663489100825171	1.1948444563362832	1.537146104360879	1.078357192795534	1.184936350901896	0.4110549464500697	0.1465778714382579	0.4899995821911791	0.5459476518708914	-0.041064469236269246	0.3471206266080444	0.8078388539033039	1.1054560065242107	1.5500095870986557	0.9992397513687978	0.22192647676250865	0.0676256601041007	-0.019673041737851477
0.02032021240732885	0.07401546595460334	0.056320892310705195	0.5231887897885728	0.9855840607168747	1.1934931362635925	0.8445077843699932	1.2175951313994626	0.7921826536932983	0.5557887919825724	1.136494600666152	1.0728969360759721	1.32516886868485	1.3201213705270425	1.3895391751941786	1.2672363312104007	1.2960027062130557	0.7194652170521998	-0.05551661081686138	0.04521896998862493	0.005486789512327991
0.011853420295442181	-0.029600772129713508	0.37989450576815675	0.2588268331780045	0.8926360708686946	1.4973389643283028	1.211131067946906	1.2206087326525974	1.2530288001142011	0.9793938266154867	1.2652079799554459	1.0727719208104114	1.0069043845758807	1.1322637697319975	0.9844992637457906	1.1150894852825404	1.4143818152807042	0.5145400649751921	0.28161648183308186	-0.0437236611916135	0.03497410342221279
0.0019493586957720702	-0.15430743874151262	0.055908267025711916	0.2101883516445355	1.0679195708759543	1.29869804864436	1.076287039587867	0.9414808075912838	1.2955872200388618	1.0461890874169035	1.2728863973132731	1.1696922281049464	1.2122743429449374	1.3451107231436703	1.0754486360057496	1.1561897095259266	1.4254989998957739	0.8111877720307592	0.32696321291408126	-0.0039056107485372915	-0.008621529999562463
0.030150039385344767	0.07811610743499246	-0.18277041136983696	0.46652190828799356	0.887900420797444	1.151104913020142	1.1560728960310485	0.9669455161871495	1.3088416905528597	0.9042648973435914	1.113261320941855	0.9585587914093883	1.075561189228764	1.102803938498195	0.9815474302474896	1.0743296860413294	1.2616713561706001	0.8325570714631498	0.22851054557270803	0.20000928409613622	-0.02621676496191798
-0.045510906903908015	0.16324789937547116	-0.01845274422607686	0.1758851393588758	0.8624198360115355	1.2313168965563175	1.259540295628857	1.236798686360025	1.4816670317061233	1.15508037224138	1.4892701579391143	1.2487425695341206	1.3233226178639381	1.2867848943492877	1.33168253433119	1.2393608234546305	1.0526441373730047	0.9586167789015805	0.5047480898040074	0.08978720241578127	0.03842404040621703
-0.08158896468298966	-0.14394153422518088	-0.13247776526639948	-0.24492322167177052	0.19339241176484423	0.7628260886203734	0.9273123029031651	1.066423719415651	0.9243380396907916	1.0055680757240755	1.1720830645057778	1.130210069442539	1.0012963740546523	0.8673741987361007	1.067322077011369	1.0555586583963172	0.8282229782161981	0.5428026090718941	-0.06484456752339554	-0.1794561824672847	-0.005616253212901837
0.12114576992921647	-0.04638802459564843	-0.10442957291535179	-0.46978168115041397	-0.16016883960690365	0.1525278382675783	0.4775070684449421	0.18545670665927488	0.24704622959576872	0.534184715369886	0.26053457444076894	0.5651196229207331	0.557357716436031	0.42320579485256843	0.25644593426349244	0.41572523506569875	0.43009951584697503	0.04494271637382542	-0.22530263871221162	-0.14050307274470436	-0.12751195764434053
0.1198556919434324	0.23600461853677257	0.4472963217922918	-0.16826777261216305	-0.12113881617440608	-0.033739851662832075	-0.16472689236252286	0.06289715163879657	0.37442114662509807	0.05859576676413446	-0.2160163415249788	0.022639263283710465	0.40547225675744664	0.1290514232449087	-0.1411376915382266	0.10556718293616549	0.16109803240392115	-0.12589090820420037	-0.2135692428123756	-0.10450589130317406	-0.005703845089580675
-0.23930428773131024	-0.2595371023058419	0.2746591373906675	-0.049338185513563684	-0.12939750783183407	0.15178304406730284	0.07471479040482586	-0.15209356426438037	-0.0307951457090304	0.07520517723669198	-0.023290016236298436	0.05909921805732948	0.09211553955261909	-0.1398185950719494	-0.09084276420001956	0.20962877677973232	0.08916687611767411	-0.2127641671302318	-0.18061861853027775	0.1335511647575695	0.39142328306974594
-0.061984055578693964	-0.2531234990100214	0.11844059801335381	0.11161614606030482	-0.07609431997334137	-0.04440216037070071	0.029563475152571485	0.002446284134157869	0.011414653689957442	0.020347532189063412	-0.030869776510689378	-0.02274896126046782	0.023562600504021005	0.009412859488369847	0.0064376165467503015	0.015800326895327677	-0.03850331418202148	-0.058781352059236264	0.011363228977570456	0.15831773647209024	0.27961018237605595
